    view.voxel({
      data: [
        -1, -1, -0.5,
        -0.75, -0.75, -1.2,
        -0.4, -0.6, -1.5,
        0, 0, 0,

        -1, 1, -0.5,
        -0.75, 0.75, -1.2,
        -0.4, 0.6, -1.5,
        0, 0, 0,

        1, 1, -0.5,
        0.75, 0.75, -1.2,
        0.4, 0.6, -1.5,
        0, 0, 0,

        1, -1, -0.5,
        0.75, -0.75, -1.2,
        0.4, -0.6, -1.5,
        0, 0, 0,



        -1, -1, 0.5,
        -0.75, -0.75, 1.2,
        -0.4, -0.6, 1.5,
        0, 0, 0,

        -1, 1, 0.5,
        -0.75, 0.75, 1.2,
        -0.4, 0.6, 1.5,
        0, 0, 0,

        1, 1, 0.5,
        0.75, 0.75, 1.2,
        0.4, 0.6, 1.5,
        0, 0, 0,

        1, -1, 0.5,
        0.75, -0.75, 1.2,
        0.4, -0.6, 1.5,
        0, 0, 0,
      ],
      width: 4,
      height: 2,
      depth: 1,
      items: 4,
      channels: 3,
    });